0.047058823529411764 0.6627450980392157 0.4588235294117647
0.10588235294117647 0.7450980392156863 0.40784313725490196
0.09803921568627451 0.7372549019607844 0.42745098039215684
0.07058823529411765 0.7058823529411765 0.44313725490196076
0.047058823529411764 0.6705882352941176 0.4588235294117647
0.12549019607843137 0.7568627450980392 0.396078431372549
0.12156862745098039 0.7529411764705882 0.403921568627451
0.11372549019607843 0.7450980392156863 0.403921568627451
0.10196078431372549 0.7372549019607844 0.4196078431372549
0.07450980392156863 0.7058823529411765 0.44313725490196076
0.050980392156862744 0.6705882352941176 0.4588235294117647
0.1411764705882353 0.7764705882352941 0.3764705882352941
0.13725490196078433 0.7725490196078432 0.3803921568627451
0.12941176470588237 0.7686274509803922 0.38823529411764707
0.12549019607843137 0.7686274509803922 0.39215686274509803
0.12549019607843137 0.7647058823529411 0.396078431372549
0.11372549019607843 0.7450980392156863 0.403921568627451
0.10588235294117647 0.7372549019607844 0.4196078431372549
0.07450980392156863 0.7058823529411765 0.44313725490196076
0.050980392156862744 0.6745098039215687 0.4588235294117647
0.16470588235294117 0.7764705882352941 0.3686274509803922
0.14901960784313725 0.7764705882352941 0.37254901960784315
0.1450980392156863 0.7764705882352941 0.3803921568627451
0.1411764705882353 0.7725490196078432 0.3843137254901961
0.13333333333333333 0.7686274509803922 0.3843137254901961
0.12941176470588237 0.7647058823529411 0.38823529411764707
0.12941176470588237 0.7647058823529411 0.38823529411764707
0.12156862745098039 0.7490196078431373 0.403921568627451
0.10980392156862745 0.7450980392156863 0.4196078431372549
0.0784313725490196 0.7098039215686275 0.4392156862745098
0.054901960784313725 0.6745098039215687 0.4549019607843137
0.1803921568627451 0.7725490196078432 0.3607843137254902
0.16470588235294117 0.7764705882352941 0.3686274509803922
0.14901960784313725 0.7764705882352941 0.37254901960784315
0.1450980392156863 0.7764705882352941 0.3803921568627451
0.1411764705882353 0.7725490196078432 0.3843137254901961
0.13333333333333333 0.7686274509803922 0.3843137254901961
0.12941176470588237 0.7647058823529411 0.38823529411764707
0.12941176470588237 0.7647058823529411 0.38823529411764707
0.12156862745098039 0.7490196078431373 0.403921568627451
0.10980392156862745 0.7450980392156863 0.4196078431372549
0.0784313725490196 0.7137254901960784 0.4392156862745098
0.054901960784313725 0.6745098039215687 0.4549019607843137
0.1803921568627451 0.7725490196078432 0.3607843137254902
0.16470588235294117 0.7764705882352941 0.3607843137254902
0.14901960784313725 0.7764705882352941 0.37254901960784315
0.1450980392156863 0.7764705882352941 0.3764705882352941
0.1411764705882353 0.7725490196078432 0.3843137254901961
0.13333333333333333 0.7686274509803922 0.3843137254901961
0.12941176470588237 0.7647058823529411 0.38823529411764707
0.12941176470588237 0.7647058823529411 0.38823529411764707
0.11764705882352941 0.7490196078431373 0.403921568627451
0.10980392156862745 0.7450980392156863 0.41568627450980394
0.0784313725490196 0.7137254901960784 0.4392156862745098
0.054901960784313725 0.6784313725490196 0.4549019607843137
0.1803921568627451 0.7725490196078432 0.3568627450980392
0.16470588235294117 0.7764705882352941 0.3607843137254902
0.15294117647058825 0.7764705882352941 0.37254901960784315
0.1450980392156863 0.7764705882352941 0.3764705882352941
0.1411764705882353 0.7725490196078432 0.3803921568627451
0.13333333333333333 0.7686274509803922 0.3843137254901961
0.12941176470588237 0.7607843137254902 0.38823529411764707
0.12941176470588237 0.7607843137254902 0.38823529411764707
0.11764705882352941 0.7490196078431373 0.4
0.10980392156862745 0.7450980392156863 0.41568627450980394
0.0784313725490196 0.7137254901960784 0.4392156862745098
0.054901960784313725 0.6823529411764706 0.4549019607843137
0.1843137254901961 0.7725490196078432 0.3568627450980392
0.16862745098039217 0.7764705882352941 0.3607843137254902
0.15294117647058825 0.7764705882352941 0.3686274509803922
0.14901960784313725 0.7764705882352941 0.3764705882352941
0.1411764705882353 0.7725490196078432 0.3803921568627451
0.13333333333333333 0.7686274509803922 0.3843137254901961
0.12941176470588237 0.7607843137254902 0.38823529411764707
0.12941176470588237 0.7607843137254902 0.38823529411764707
0.11764705882352941 0.7490196078431373 0.4
0.10980392156862745 0.7450980392156863 0.41568627450980394
0.08235294117647059 0.7176470588235294 0.4392156862745098
0.058823529411764705 0.6862745098039216 0.4549019607843137
0.23529411764705882 0.7725490196078432 0.35294117647058826
0.18823529411764706 0.7725490196078432 0.3568627450980392
0.17254901960784313 0.7764705882352941 0.3607843137254902
0.1568627450980392 0.7764705882352941 0.3686274509803922
0.14901960784313725 0.7764705882352941 0.3764705882352941
0.1450980392156863 0.7725490196078432 0.3803921568627451
0.13333333333333333 0.7686274509803922 0.3843137254901961
0.12941176470588237 0.7647058823529411 0.38823529411764707
0.12941176470588237 0.7647058823529411 0.38823529411764707
0.11764705882352941 0.7490196078431373 0.4
0.11372549019607843 0.7450980392156863 0.41568627450980394
0.08627450980392157 0.7215686274509804 0.43137254901960786
0.06274509803921569 0.6862745098039216 0.45098039215686275
0.23921568627450981 0.7725490196078432 0.35294117647058826
0.19215686274509805 0.7725490196078432 0.3568627450980392
0.17647058823529413 0.7764705882352941 0.3568627450980392
0.1607843137254902 0.7764705882352941 0.3686274509803922
0.15294117647058825 0.7764705882352941 0.37254901960784315
0.14901960784313725 0.7725490196078432 0.3803921568627451
0.13725490196078433 0.7686274509803922 0.3803921568627451
0.12941176470588237 0.7647058823529411 0.38823529411764707
0.12941176470588237 0.7647058823529411 0.38823529411764707
0.11764705882352941 0.7490196078431373 0.4
0.11372549019607843 0.7450980392156863 0.40784313725490196
0.09019607843137255 0.7215686274509804 0.43137254901960786
0.06666666666666667 0.6901960784313725 0.45098039215686275
0.23921568627450981 0.7764705882352941 0.35294117647058826
0.19607843137254902 0.7725490196078432 0.35294117647058826
0.17647058823529413 0.7764705882352941 0.3568627450980392
0.1607843137254902 0.7764705882352941 0.3686274509803922
0.1568627450980392 0.7764705882352941 0.37254901960784315
0.14901960784313725 0.7725490196078432 0.3764705882352941
0.13725490196078433 0.7686274509803922 0.3803921568627451
0.13333333333333333 0.7647058823529411 0.3843137254901961
0.12941176470588237 0.7647058823529411 0.38823529411764707
0.12156862745098039 0.7450980392156863 0.396078431372549
0.11764705882352941 0.7450980392156863 0.40784313725490196
0.09019607843137255 0.7215686274509804 0.43137254901960786
0.06666666666666667 0.6901960784313725 0.45098039215686275
0.23921568627450981 0.7568627450980392 0.3686274509803922
0.2 0.7686274509803922 0.3568627450980392
0.17254901960784313 0.7686274509803922 0.3607843137254902
0.1607843137254902 0.7686274509803922 0.3607843137254902
0.1568627450980392 0.7725490196078432 0.3686274509803922
0.14901960784313725 0.7686274509803922 0.37254901960784315
0.1411764705882353 0.7686274509803922 0.3803921568627451
0.13725490196078433 0.7647058823529411 0.3803921568627451
0.12941176470588237 0.7607843137254902 0.38823529411764707
0.12549019607843137 0.7450980392156863 0.396078431372549
0.12156862745098039 0.7490196078431373 0.403921568627451
0.09803921568627451 0.7294117647058823 0.4196078431372549
0.0784313725490196 0.6980392156862745 0.43137254901960786
0.21176470588235294 0.7686274509803922 0.3607843137254902
0.23921568627450981 0.7568627450980392 0.3686274509803922
0.2 0.7686274509803922 0.3568627450980392
0.17254901960784313 0.7686274509803922 0.3568627450980392
0.1607843137254902 0.7725490196078432 0.3607843137254902
0.1607843137254902 0.7725490196078432 0.3686274509803922
0.14901960784313725 0.7686274509803922 0.37254901960784315
0.1450980392156863 0.7686274509803922 0.3764705882352941
0.1411764705882353 0.7647058823529411 0.3803921568627451
0.12941176470588237 0.7607843137254902 0.38823529411764707
0.12549019607843137 0.7490196078431373 0.396078431372549
0.12156862745098039 0.7490196078431373 0.403921568627451
0.09803921568627451 0.7333333333333333 0.41568627450980394
0.0784313725490196 0.7019607843137254 0.43137254901960786
0.21176470588235294 0.7686274509803922 0.3607843137254902
0.23921568627450981 0.7607843137254902 0.3607843137254902
0.2 0.7686274509803922 0.3568627450980392
0.17254901960784313 0.7686274509803922 0.3568627450980392
0.1607843137254902 0.7725490196078432 0.3607843137254902
0.1607843137254902 0.7725490196078432 0.3686274509803922
0.14901960784313725 0.7725490196078432 0.37254901960784315
0.1450980392156863 0.7686274509803922 0.3764705882352941
0.1450980392156863 0.7647058823529411 0.3803921568627451
0.13333333333333333 0.7607843137254902 0.3843137254901961
0.12549019607843137 0.7490196078431373 0.39215686274509803
0.12549019607843137 0.7490196078431373 0.403921568627451
0.09803921568627451 0.7333333333333333 0.41568627450980394
0.0784313725490196 0.7019607843137254 0.43137254901960786
0.21176470588235294 0.7686274509803922 0.3607843137254902
0.23921568627450981 0.7607843137254902 0.3607843137254902
0.2 0.7686274509803922 0.3568627450980392
0.17254901960784313 0.7686274509803922 0.3568627450980392
0.1607843137254902 0.7725490196078432 0.3607843137254902
0.16470588235294117 0.7725490196078432 0.3686274509803922
0.15294117647058825 0.7725490196078432 0.37254901960784315
0.14901960784313725 0.7686274509803922 0.3764705882352941
0.14901960784313725 0.7647058823529411 0.3803921568627451
0.13725490196078433 0.7647058823529411 0.3803921568627451
0.12941176470588237 0.7490196078431373 0.39215686274509803
0.12549019607843137 0.7529411764705882 0.396078431372549
0.09803921568627451 0.7333333333333333 0.41568627450980394
0.0784313725490196 0.7058823529411765 0.43137254901960786
0.21176470588235294 0.7686274509803922 0.3568627450980392
0.23529411764705882 0.7647058823529411 0.3607843137254902
0.20392156862745098 0.7686274509803922 0.35294117647058826
0.17647058823529413 0.7725490196078432 0.3568627450980392
0.16470588235294117 0.7725490196078432 0.3607843137254902
0.16470588235294117 0.7725490196078432 0.3686274509803922
0.1568627450980392 0.7725490196078432 0.37254901960784315
0.15294117647058825 0.7686274509803922 0.3764705882352941
0.14901960784313725 0.7686274509803922 0.3764705882352941
0.13725490196078433 0.7647058823529411 0.3803921568627451
0.13333333333333333 0.7490196078431373 0.3843137254901961
0.12941176470588237 0.7529411764705882 0.396078431372549
0.10196078431372549 0.7372549019607844 0.4117647058823529
0.0784313725490196 0.7058823529411765 0.43137254901960786
0.23921568627450981 0.7725490196078432 0.3568627450980392
0.21176470588235294 0.7725490196078432 0.3568627450980392
0.23529411764705882 0.7647058823529411 0.3568627450980392
0.20784313725490197 0.7725490196078432 0.35294117647058826
0.1803921568627451 0.7725490196078432 0.35294117647058826
0.16862745098039217 0.7764705882352941 0.3568627450980392
0.16862745098039217 0.7764705882352941 0.3607843137254902
0.1568627450980392 0.7725490196078432 0.3686274509803922
0.15294117647058825 0.7725490196078432 0.37254901960784315
0.15294117647058825 0.7686274509803922 0.3764705882352941
0.13725490196078433 0.7647058823529411 0.3803921568627451
0.13333333333333333 0.7490196078431373 0.3843137254901961
0.23921568627450981 0.7725490196078432 0.3568627450980392
0.21176470588235294 0.7725490196078432 0.3568627450980392
0.23529411764705882 0.7647058823529411 0.3568627450980392
0.21176470588235294 0.7725490196078432 0.35294117647058826
0.1843137254901961 0.7725490196078432 0.35294117647058826
0.17254901960784313 0.7764705882352941 0.3568627450980392
0.17254901960784313 0.7764705882352941 0.3607843137254902
0.1607843137254902 0.7764705882352941 0.3686274509803922
0.23921568627450981 0.7725490196078432 0.35294117647058826
0.21176470588235294 0.7725490196078432 0.3568627450980392
0.23529411764705882 0.7686274509803922 0.3568627450980392
0.21568627450980393 0.7725490196078432 0.35294117647058826
